1804837821
1804837822
1804837823
1804837824
1804837825
1804837826
1804837827
1804837828
1804837829
1804837830
1804837831
1804837832
1804837833
1804837834
1804837835
1804837836
1804837837
1804837838
1804837839
1804837840
1804837841
1804837842
1804837843
1804837844
1804837845
1804837846
1804837847
1804837848
1804837849
1804837850
1804837851
1804837852
1804837853
1804837854
1804837855
1804837856
1804837857
1804837858
1804837859
1804837860
1804837861
1804837862
1804837863
1804837864
1804837865
1804837866
1804837867
1804837868
1804837869
1804837870
1804837871
1804837872
1804837873
1804837874
1804837875
1804837876
1804837877
1804837878
1804837879
1804837880
1804837881
1804837882
1804837883
1804837884
1804837885
1804837886
1804837887
1804837888
1804837889
1804837890
1804837891
1804837892
1804837893
1804837894
1804837895
1804837896
1804837897
1804837898
1804837899
1804837900
1804837901
1804837902
1804837903
1804837904
1804837905
1804837906
1804837907
1804837908
1804837909
1804837910
1804837911
1804837912
1804837913
1804837914
1804837915
1804837916
1804837917
1804837918
1804837919
1804837920
1804837921
1804837922
1804837923
1804837924
1804837925
1804837926
1804837927
1804837928
1804837929
1804837930
1804837931
1804837932
1804837933
1804837934
1804837935
1804837936
1804837937
1804837938
1804837939
1804837940
1804837941
1804837942
1804837943
1804837944
1804837945
1804837946
1804837947
1804837948
1804837949
1804837950
1804837951
1804837952
1804837953
1804837954
1804837955
1804837956
1804837957
1804837958
1804837959
1804837960
1804837961
1804837962
1804837963
1804837964
1804837965
1804837966
1804837967
1804837968
1804837969
1804837970
1804837971
1804837972
1804837973
1804837974
1804837975
1804837976
1804837977
1804837978
1804837979
1804837980
1804837981
1804837982
1804837983
1804837984
1804837985
1804837986
1804837987
1804837988
1804837989
1804837990
1804837991
1804837992
1804837993
1804837994
1804837995
1804837996
1804837997
1804837998
1804837999
1804838000
1804838001
1804838002
1804838003
1804838004
1804838005
1804838006
1804838007
1804838008
1804838009
1804838010
1804838011
1804838012
1804838013
1804838014
1804838015
1804838016
1804838017
1804838018
1804838019
1804838020
1804838021
1804838022
1804838023
1804838024
1804838025
1804838026
1804838027
1804838028
1804838029
1804838030
1804838031
1804838032
1804838033
1804838034
1804838035
1804838036
1804838037
1804838038
1804838039
1804838040
1804838041
1804838042
1804838043
1804838044
1804838045
1804838046
1804838047
1804838048
1804838049
1804838050
1804838051
1804838052
1804838053
1804838054
1804838055
1804838056
1804838057
1804838058
1804838059
1804838060
1804838061
1804838062
1804838063
1804838064
1804838065
1804838066
1804838067
1804838068
1804838069
1804838070
1804838071
1804838072
1804838073
1804838074
1804838075
1804838076
1804838077
1804838078
1804838079
1804838080
1804838081
1804838082
1804838083
1804838084
1804838085
1804838086
1804838087
1804838088
1804838089
1804838090
1804838091
1804838092
1804838093
1804838094
1804838095
1804838096
1804838097
1804838098
1804838099
1804838100
1804838101
1804838102
1804838103
1804838104
1804838105
1804838106
1804838107
1804838108
1804838109
1804838110
1804838111
1804838112
1804838113
1804838114
1804838115
1804838116
1804838117
1804838118
1804838119
1804838120
1804838121
1804838122
1804838123
1804838124
1804838125
1804838126
1804838127
1804838128
1804838129
1804838130
1804838131
1804838132
1804838133
1804838134
1804838135
1804838136
1804838137
1804838138
1804838139
1804838140
1804838141
1804838142
1804838143
1804838144
1804838145
1804838146
1804838147
1804838148
1804838149
1804838150
1804838151
1804838152
1804838153
1804838154
1804838155
1804838156
1804838157
1804838158
1804838159
1804838160
1804838161
1804838162
1804838163
1804838164
1804838165
1804838166
1804838167
1804838168
1804838169
1804838170
1804838171
1804838172
1804838173
1804838174
1804838175
1804838176
1804838177
1804838178
1804838179
1804838180
1804838181
1804838182
1804838183
1804838184
1804838185
1804838186
1804838187
1804838188
1804838189
1804838190
1804838191
1804838192
1804838193
1804838194
1804838195
1804838196
1804838197
1804838198
1804838199
1804838200
1804838201
1804838202
1804838203
1804838204
1804838205
1804838206
1804838207
1804838208
1804838209
1804838210
1804838211
1804838212
1804838213
1804838214
1804838215
1804838216
1804838217
1804838218
1804838219
1804838220
